0,437
30,4
30,3
30,2
30,1
30,0
0,436
29,3
29,2
29,1
29,0
28,4
28,3
28,2
28,1
28,0
27,3
27,2
27,1
27,0
26,4
26,3
26,2
0,435
26,1
26,0
0,434
0,433
0,432
25,4
25,3
25,2
25,1
25,0
0,431
0,430
0,429
24,4
24,3
24,2
0,428
24,1
24,0
23,5
23,4
23,3
23,2
0,427
23,1
23,0
0,426
0,425
0,424
22,5
22,4
22,3
22,2
22,1
22,0
0,423
0,422
0,421
0,420
21,4
21,3
21,2
21,1
21,0
20,3
20,2
20,1
20,0
19,5
19,4
19,3
19,2
19,1
19,0
0,419
0,418
18,4
18,3
18,2
18,1
18,0
12,4
0,417
0,416
0,415
0,414
0,413
0,412
0,411
0,410
0,409
0,408
0,407
0,406
0,405
17,5
17,4
17,3
17,2
0,404
17,1
17,0
0,403
0,402
0,401
0,400
0,399
0,398
0,397
0,396
0,395
0,394
0,393
16,4
16,3
16,2
0,392
16,1
16,0
0,391
0,390
0,389
11,4
0,388
0,387
0,386
0,385
0,384
0,383
0,382
0,381
0,380
0,379
0,378
0,377
15,5
15,4
15,3
15,2
0,376
15,1
15,0
0,375
0,374
0,373
0,372
0,371
0,370
0,369
0,368
0,367
0,366
0,365
14,4
14,3
14,2
0,364
14,1
14,0
0,363
0,362
0,361
9,4
0,360
0,359
0,358
0,357
0,356
0,355
0,354
0,353
0,352
0,351
0,350
0,349
13,4
13,3
13,2
0,348
13,1
13,0
0,347
0,346
0,345
7,4
0,344
0,343
0,342
0,341
0,340
0,339
12,3
12,2
0,338
12,1
12,0
0,337
0,336
11,3
11,2
0,335
11,1
11,0
0,334
0,333
10,4
10,3
10,2
0,332
10,1
10,0
0,331
0,330
9,3
9,2
0,329
9,1
9,0
0,328
0,327
8,4
8,3
8,2
0,326
8,1
8,0
0,325
0,324
7,3
7,2
0,323
0,322
7,1
7,0
0,321
0,320
0,319
0,318
6,4
0,317
6,3
6,2
6,1
6,0
5,3
5,2
5,1
5,0
4,3
4,2
4,1
4,0
3,6
3,5
3,4
3,3
3,2
3,1
3,0
2,2
2,1
2,0
1,2
1,1
1,0
0,243
0,1
0,0
1,3
2,3
0,9
0,310
0,305
0,308
0,304
0,303
0,302
0,307
0,12
0,10
0,8
0,300
0,299
0,298
0,297
0,296
0,295
0,294
0,293
0,292
0,291
0,290
0,289
0,288
0,287
0,286
0,285
0,284
0,283
0,282
0,281
0,280
0,279
0,278
0,277
0,276
0,275
0,274
0,273
0,272
0,271
0,270
0,269
0,268
0,267
0,266
0,265
0,264
0,263
0,262
0,261
0,260
0,259
0,258
0,257
0,256
0,255
0,254
0,253
0,252
0,251
0,250
0,249
0,248
0,247
0,246
0,245
0,244
0,242
0,241
0,240
0,239
0,238
0,237
0,236
0,235
0,234
0,233
0,232
0,231
0,230
0,229
0,228
0,227
0,226
0,225
0,224
0,223
0,222
0,221
0,220
0,219
0,218
0,217
0,216
0,215
0,214
0,213
0,212
0,211
0,210
0,209
0,208
0,207
0,206
0,205
0,204
0,203
0,202
0,201
0,200
0,199
0,198
0,197
0,196
0,195
0,194
0,193
0,192
0,63
0,62
0,61
0,60
0,59
0,58
0,57
0,56
0,55
0,54
0,53
0,316
0,52
0,315
0,51
0,314
0,50
0,313
0,49
0,312
0,48
0,311
0,47
0,309
0,46
0,306
0,45
0,301
0,6
0,5
0,11
0,4
0,2
0,3
0,7
